N	302
n	28
t01	0	2	6	2975	4048	4702	6408	6423	6721	7143	7197	8649	17828	18383	26919	26934	27562	35809	47910	53109	56912	63286	64858	64877	64983	67182	78091	78165	
t10	1	5	10	2986	4058	4715	6422	6452	6732	7157	7216	8661	17839	18395	26930	26941	27573	35820	47921	53119	56926	63296	64865	64884	64997	67195	78102	78167	
logpost	665056
N	308
n	28
t01	0	2	6	2976	4046	4702	6408	6423	6721	7142	7200	8649	17828	18383	26920	26934	27561	35809	47910	53111	56913	63286	64857	64876	64982	67182	78090	78166	
t10	1	5	10	2986	4059	4715	6422	6452	6733	7158	7215	8660	17839	18395	26930	26942	27574	35820	47922	53119	56926	63297	64865	64884	64998	67195	78103	78167	
logpost	665057
N	311
n	28
t01	0	2	6	2976	4047	4701	6407	6423	6720	7142	7199	8649	17827	18384	26920	26934	27562	35809	47909	53109	56912	63285	64858	64877	64983	67182	78090	78166	
t10	1	5	10	2986	4058	4715	6422	6452	6732	7158	7216	8661	17839	18395	26930	26942	27574	35820	47921	53120	56926	63297	64865	64884	64997	67195	78103	78167	
logpost	665064
N	325
n	29
t01	0	2	6	2976	4047	4701	6406	6423	6721	7139	7199	8649	16569	17828	18384	26920	26934	27561	35808	47910	53109	56910	63286	64858	64877	64983	67182	78091	78166	
t10	1	5	9	2986	4059	4715	6422	6452	6732	7159	7215	8661	16576	17839	18395	26930	26944	27574	35821	47922	53120	56926	63296	64866	64884	64997	67195	78103	78167	
logpost	665078
N	314
n	29
t01	0	2	6	2976	4047	4702	6407	6423	6721	7142	7198	8649	16568	17827	18384	26919	26935	27562	35808	47910	53110	56912	63285	64858	64877	64983	67182	78090	78166	
t10	1	5	9	2986	4058	4715	6422	6452	6732	7158	7216	8661	16576	17839	18395	26930	26941	27574	35819	47921	53119	56926	63296	64866	64884	64998	67195	78103	78167	
logpost	665098
N	322
n	29
t01	0	2	6	2975	4046	4702	6412	6423	6720	7141	7197	8649	16568	17829	18383	26919	26933	27561	35809	47910	53111	56913	63286	64858	64877	64983	67183	78091	78162	
t10	1	5	10	2986	4058	4715	6422	6452	6733	7158	7216	8661	16577	17839	18395	26930	26945	27574	35820	47922	53119	56926	63297	64865	64884	64998	67194	78103	78167	
logpost	665080
N	320
n	29
t01	0	2	6	2976	4048	4702	6407	6423	6722	7143	7197	8649	16568	17827	18384	26919	26934	27563	35809	47909	53110	56911	63284	64859	64877	64982	67182	78090	78164	
t10	1	5	9	2986	4058	4715	6422	6452	6732	7158	7216	8660	16577	17839	18395	26930	26944	27574	35820	47921	53121	56926	63297	64864	64884	64998	67195	78102	78167	
logpost	665080
N	316
n	29
t01	0	2	6	2975	4047	4702	6407	6423	6720	7142	7198	8649	16568	17827	18384	26918	26936	27562	35809	47910	53109	56912	63286	64858	64877	64983	67183	78090	78166	
t10	1	5	10	2986	4057	4715	6422	6452	6732	7159	7217	8661	16576	17839	18395	26930	26941	27575	35819	47921	53120	56926	63295	64865	64884	64999	67194	78103	78167	
logpost	665086
N	332
n	29
t01	0	2	6	2975	4047	4702	6407	6423	6722	7141	7197	8649	16567	17828	18384	26918	26935	27561	35808	47907	53110	56910	63286	64857	64876	64982	67182	78090	78165	
t10	1	5	10	2986	4058	4715	6422	6452	6732	7159	7215	8661	16576	17840	18395	26930	26942	27574	35820	47923	53120	56927	63297	64865	64884	64997	67194	78103	78167	
logpost	665077
N	317
n	29
t01	0	2	6	2976	4047	4701	6409	6423	6721	7142	7199	8649	16568	17827	18383	26919	26935	27561	35809	47909	53109	56913	63286	64858	64877	64982	67182	78090	78164	
t10	1	5	9	2986	4059	4715	6422	6452	6732	7158	7216	8661	16576	17840	18395	26930	26942	27575	35819	47922	53119	56926	63297	64866	64883	64997	67194	78101	78167	
logpost	665083
N	320
n	29
t01	0	2	6	2975	4046	4702	6407	6423	6722	7142	7200	8649	16568	17828	18384	26919	26935	27562	35808	47909	53111	56913	63286	64857	64876	64983	67182	78088	78166	
t10	1	5	10	2986	4058	4715	6422	6452	6732	7158	7216	8662	16576	17839	18395	26930	26942	27574	35820	47922	53120	56926	63296	64865	64884	64998	67195	78104	78167	
logpost	665091
N	320
n	29
t01	0	2	6	2976	4047	4701	6407	6423	6720	7142	7198	8649	16567	17828	18383	26920	26936	27561	35809	47909	53109	56913	63286	64858	64877	64982	67182	78091	78166	
t10	1	5	10	2986	4058	4715	6422	6452	6732	7158	7216	8661	16576	17839	18395	26930	26942	27574	35820	47923	53121	56926	63296	64865	64884	64997	67195	78103	78167	
logpost	665095
N	319
n	29
t01	0	2	6	2975	4046	4702	6409	6423	6721	7143	7198	8649	16567	17827	18383	26920	26934	27561	35808	47909	53109	56913	63286	64857	64877	64983	67182	78090	78165	
t10	1	5	10	2986	4059	4715	6422	6452	6732	7158	7215	8661	16576	17839	18395	26930	26941	27574	35820	47921	53119	56926	63296	64866	64884	64998	67194	78103	78167	
logpost	665094
N	312
n	29
t01	0	2	6	2976	4048	4702	6408	6422	6722	7142	7197	8649	16567	17828	18384	26920	26935	27562	35809	47910	53111	56913	63286	64859	64876	64983	67182	78091	78166	
t10	1	5	10	2986	4058	4714	6421	6452	6733	7159	7217	8661	16576	17840	18395	26930	26941	27574	35820	47921	53121	56926	63296	64865	64884	64998	67195	78103	78167	
logpost	665086
N	314
n	29
t01	0	2	6	2976	4046	4701	6411	6423	6720	7141	7198	8649	16568	17828	18383	26920	26935	27561	35809	47909	53110	56914	63285	64857	64877	64982	67182	78090	78165	
t10	1	5	10	2986	4057	4714	6422	6452	6733	7158	7215	8660	16576	17840	18395	26930	26942	27574	35819	47921	53119	56926	63296	64865	64884	64998	67195	78103	78167	
logpost	665084
N	320
n	29
t01	0	2	6	2976	4047	4701	6407	6423	6721	7142	7198	8649	16567	17828	18383	26920	26935	27562	35809	47909	53110	56913	63286	64856	64877	64982	67182	78091	78164	
t10	1	5	9	2986	4058	4715	6422	6452	6732	7158	7215	8661	16577	17839	18395	26931	26940	27574	35820	47921	53120	56926	63297	64866	64885	64998	67195	78102	78167	
logpost	665089
N	313
n	29
t01	0	2	6	2977	4045	4702	6407	6423	6720	7142	7198	8649	16568	17828	18384	26920	26934	27562	35809	47910	53110	56913	63286	64858	64877	64983	67182	78091	78164	
t10	1	5	10	2986	4057	4714	6422	6452	6732	7159	7217	8661	16576	17839	18395	26930	26941	27575	35819	47921	53120	56926	63296	64864	64883	64998	67195	78103	78167	
logpost	665082
N	322
n	29
t01	0	2	6	2976	4047	4701	6407	6423	6722	7141	7198	8649	16566	17827	18383	26919	26935	27561	35809	47909	53108	56909	63286	64858	64877	64984	67183	78090	78166	
t10	1	5	9	2986	4058	4715	6422	6452	6733	7158	7215	8660	16577	17840	18395	26930	26942	27574	35819	47921	53120	56926	63297	64865	64884	64997	67195	78102	78167	
logpost	665081
N	322
n	29
t01	0	2	6	2975	4046	4701	6407	6422	6720	7142	7197	8649	16568	17828	18384	26920	26935	27561	35808	47910	53110	56913	63285	64857	64877	64983	67183	78091	78165	
t10	1	5	9	2986	4058	4715	6421	6452	6733	7158	7215	8661	16576	17840	18395	26930	26944	27573	35819	47921	53120	56926	63297	64866	64884	64999	67195	78102	78167	
logpost	665085
N	317
n	29
t01	0	2	6	2976	4047	4702	6408	6423	6721	7141	7199	8649	16568	17827	18383	26920	26935	27562	35809	47909	53110	56913	63286	64858	64877	64982	67183	78091	78158	
t10	1	5	10	2986	4058	4715	6422	6452	6732	7158	7215	8661	16576	17839	18395	26930	26942	27574	35820	47922	53120	56926	63295	64865	64884	64998	67194	78101	78167	
logpost	665090
N	314
n	29
t01	0	2	6	2976	4048	4702	6407	6422	6720	7142	7200	8649	16567	17827	18384	26920	26935	27562	35809	47909	53110	56912	63286	64857	64877	64983	67182	78089	78166	
t10	1	5	9	2986	4058	4715	6421	6452	6732	7158	7215	8661	16577	17839	18395	26930	26941	27573	35820	47923	53119	56926	63297	64865	64884	64998	67195	78102	78167	
logpost	665089
N	319
n	29
t01	0	2	6	2976	4046	4702	6407	6422	6721	7142	7197	8649	16565	17828	18383	26919	26935	27562	35809	47910	53110	56912	63285	64858	64877	64983	67182	78091	78166	
t10	1	5	10	2986	4058	4715	6421	6452	6732	7159	7215	8661	16576	17839	18395	26930	26942	27574	35819	47921	53120	56926	63297	64865	64884	64998	67195	78102	78167	
logpost	665097
N	328
n	29
t01	0	2	6	2975	4047	4702	6410	6422	6721	7141	7197	8649	16568	17828	18384	26919	26935	27562	35809	47910	53111	56913	63286	64857	64877	64983	67182	78090	78150	
t10	1	5	10	2986	4056	4714	6421	6452	6732	7158	7216	8661	16576	17840	18395	26931	26941	27574	35820	47923	53119	56926	63296	64866	64884	64997	67195	78103	78167	
logpost	665077
N	313
n	29
t01	0	2	6	2975	4046	4702	6409	6423	6721	7143	7197	8649	16567	17828	18384	26920	26933	27562	35810	47910	53110	56912	63285	64858	64877	64983	67182	78091	78166	
t10	1	5	10	2986	4058	4715	6422	6452	6733	7158	7216	8661	16576	17839	18395	26930	26941	27574	35820	47922	53119	56926	63296	64865	64884	64997	67194	78103	78167	
logpost	665091
N	314
n	29
t01	0	2	6	2976	4047	4702	6409	6423	6721	7141	7200	8649	16565	17828	18383	26919	26935	27562	35809	47910	53108	56912	63286	64858	64876	64983	67182	78092	78165	
t10	1	5	10	2986	4058	4715	6422	6452	6732	7158	7215	8661	16577	17839	18395	26930	26942	27574	35820	47921	53119	56925	63297	64864	64884	64999	67194	78102	78167	
logpost	665085
N	323
n	29
t01	0	2	6	2975	4047	4702	6409	6423	6720	7142	7199	8649	16568	17827	18384	26919	26934	27561	35810	47911	53110	56913	63285	64857	64877	64983	67183	78090	78156	
t10	1	5	10	2986	4057	4715	6422	6452	6732	7159	7215	8661	16577	17839	18395	26930	26942	27575	35820	47921	53119	56926	63296	64865	64884	64998	67195	78102	78167	
logpost	665082
N	323
n	29
t01	0	2	6	2974	4046	4702	6408	6422	6721	7142	7198	8649	16567	17828	18384	26919	26934	27561	35809	47908	53110	56911	63285	64858	64876	64983	67182	78090	78166	
t10	1	5	9	2986	4058	4715	6421	6452	6733	7158	7217	8661	16576	17839	18395	26930	26942	27574	35820	47922	53118	56926	63296	64864	64884	64998	67195	78103	78167	
logpost	665088
N	324
n	29
t01	0	2	6	2976	4046	4702	6408	6423	6722	7142	7198	8649	16567	17827	18384	26920	26935	27562	35809	47910	53110	56911	63286	64857	64876	64983	67182	78089	78166	
t10	1	5	10	2986	4058	4715	6422	6452	6732	7159	7217	8660	16577	17840	18394	26930	26944	27574	35820	47923	53119	56926	63296	64866	64884	64999	67195	78102	78167	
logpost	665085
N	321
n	29
t01	0	2	6	2976	4046	4701	6407	6423	6721	7143	7197	8649	16568	17828	18383	26920	26934	27562	35809	47910	53107	56913	63286	64857	64876	64983	67182	78090	78166	
t10	1	5	10	2986	4058	4715	6422	6452	6732	7158	7217	8661	16576	17839	18395	26930	26942	27574	35819	47921	53120	56925	63296	64866	64884	64998	67195	78103	78167	
logpost	665094
N	306
n	29
t01	0	2	6	2976	4047	4702	6411	6423	6722	7142	7198	8649	16568	17827	18384	26919	26935	27562	35809	47908	53110	56913	63286	64858	64877	64983	67182	78091	78165	
t10	1	5	9	2986	4057	4715	6422	6452	6732	7158	7215	8661	16576	17839	18395	26930	26942	27574	35820	47921	53119	56925	63296	64865	64884	64998	67195	78103	78167	
logpost	665094
N	326
n	29
t01	0	2	6	2975	4046	4701	6408	6423	6720	7143	7199	8647	16568	17828	18384	26920	26934	27562	35809	47910	53109	56912	63286	64857	64876	64983	67182	78090	78160	
t10	1	5	10	2986	4058	4715	6422	6452	6732	7158	7215	8661	16577	17839	18395	26930	26942	27574	35820	47921	53119	56926	63296	64865	64884	64999	67195	78103	78167	
logpost	665091
N	316
n	29
t01	0	2	6	2976	4046	4702	6408	6423	6721	7140	7198	8649	16565	17828	18383	26920	26935	27562	35809	47909	53109	56913	63285	64858	64877	64983	67182	78090	78166	
t10	1	5	9	2986	4058	4714	6422	6452	6732	7159	7215	8661	16577	17839	18395	26930	26941	27574	35820	47921	53119	56925	63296	64865	64884	64999	67194	78102	78167	
logpost	665090
N	317
n	29
t01	0	2	6	2975	4047	4701	6408	6423	6720	7143	7200	8649	16569	17827	18383	26919	26936	27562	35808	47909	53109	56912	63285	64858	64877	64983	67182	78090	78166	
t10	1	5	10	2986	4057	4715	6422	6452	6733	7158	7215	8661	16576	17839	18395	26930	26941	27574	35820	47921	53120	56926	63297	64866	64884	64999	67195	78102	78167	
logpost	665089
N	325
n	29
t01	0	2	6	2976	4047	4701	6407	6424	6721	7141	7199	8649	16567	17828	18384	26919	26935	27562	35807	47908	53109	56913	63286	64858	64876	64983	67182	78090	78165	
t10	1	5	10	2986	4058	4715	6423	6452	6733	7158	7216	8660	16576	17839	18395	26930	26943	27575	35820	47922	53119	56926	63297	64865	64884	64998	67195	78103	78167	
logpost	665086
N	321
n	29
t01	0	2	6	2976	4047	4701	6408	6423	6721	7142	7199	8649	16565	17828	18384	26920	26935	27561	35808	47908	53110	56912	63285	64858	64877	64983	67182	78090	78164	
t10	1	5	10	2986	4058	4715	6422	6452	6733	7158	7215	8661	16575	17839	18395	26930	26942	27574	35819	47923	53120	56926	63297	64864	64884	64998	67195	78102	78167	
logpost	665085
N	319
n	30
t01	0	2	6	2976	4047	4701	6406	6421	6721	7143	7199	8649	16568	17828	18383	26919	26934	27561	35809	47909	53109	56913	63285	64858	64877	64983	64992	67182	78090	78166	
t10	1	5	10	2986	4058	4715	6420	6452	6732	7158	7216	8661	16577	17839	18395	26930	26944	27574	35819	47922	53120	56926	63296	64865	64884	64990	64997	67195	78103	78167	
logpost	665092
N	319
n	30
t01	0	2	6	2975	4047	4701	6408	6423	6720	7142	7198	8649	16567	17827	18383	26920	26935	27561	35809	47909	53109	56913	63286	64857	64877	64983	64993	67181	78090	78166	
t10	1	5	10	2986	4058	4715	6422	6452	6732	7158	7215	8661	16577	17839	18395	26930	26943	27574	35820	47922	53120	56926	63296	64866	64884	64990	64997	67194	78102	78167	
logpost	665092
N	313
n	30
t01	0	2	6	2976	4047	4702	6406	6423	6721	7142	7200	8649	16567	17827	18384	26920	26934	27562	35809	47910	53110	56913	63285	64858	64877	64983	64993	67182	78089	78166	
t10	1	5	9	2986	4058	4714	6422	6452	6732	7158	7216	8661	16577	17839	18395	26930	26944	27574	35819	47922	53119	56926	63297	64864	64884	64990	64998	67195	78103	78167	
logpost	665089
N	317
n	30
t01	0	2	6	2976	4046	4701	6410	6423	6721	7142	7198	8649	16567	17828	18384	26919	26933	27562	35808	47910	53110	56913	63286	64858	64877	64983	64992	67182	78091	78165	
t10	1	5	9	2986	4058	4715	6422	6452	6732	7158	7216	8661	16577	17839	18396	26930	26946	27574	35820	47920	53119	56926	63296	64866	64884	64990	64997	67195	78103	78167	
logpost	665083
N	308
n	30
t01	0	2	6	2976	4047	4702	6409	6423	6721	7142	7199	8649	16567	17828	18383	26920	26935	27561	35810	47908	53110	56913	63285	64857	64877	64983	64993	67182	78090	78166	
t10	1	5	9	2986	4057	4715	6422	6452	6732	7158	7215	8661	16577	17839	18395	26930	26941	27574	35820	47922	53119	56926	63296	64865	64884	64990	64997	67194	78104	78167	
logpost	665087
N	425
n	36
t01	0	2	4	6	10	2975	4045	4696	4713	4719	6406	6424	6440	6721	7141	7162	7199	7218	8648	16566	17827	18382	26918	26936	27560	35807	47909	53108	56910	63284	64856	64876	64980	67182	78089	78130	
t10	1	3	5	8	15	2986	4058	4703	4716	4734	6417	6434	6452	6733	7156	7172	7215	7247	8661	16577	17840	18395	26931	26943	27575	35820	47921	53120	56926	63297	64867	64885	64998	67194	78103	78167	
logpost	784349
N	431
n	36
t01	0	2	4	7	11	2973	4046	4697	4713	4719	6407	6424	6440	6720	7141	7161	7198	7218	8649	16565	17826	18383	26919	26935	27560	35808	47908	53108	56910	63284	64855	64876	64981	67182	78088	78131	
t10	1	3	5	9	17	2986	4058	4702	4716	4736	6416	6430	6452	6733	7157	7175	7216	7246	8662	16577	17840	18395	26931	26942	27575	35820	47922	53120	56926	63297	64866	64885	64999	67195	78104	78167	
logpost	784351
N	407
n	36
t01	0	2	4	6	10	2973	4046	4697	4713	4718	6406	6425	6441	6720	7142	7161	7197	7218	8648	16566	17827	18383	26919	26933	27561	35808	47908	53107	56910	63284	64856	64876	64981	67181	78090	78153	
t10	1	3	5	8	15	2986	4058	4702	4715	4732	6418	6435	6452	6733	7156	7175	7214	7245	8663	16577	17840	18395	26930	26944	27575	35820	47922	53120	56926	63297	64868	64885	64999	67195	78102	78167	
logpost	784356
N	415
n	36
t01	0	2	4	6	11	2974	4046	4697	4714	4719	6407	6424	6441	6720	7142	7159	7198	7219	8648	16565	17827	18383	26918	26933	27560	35807	47909	53110	56909	63283	64855	64875	64981	67180	78089	78142	
t10	1	3	5	8	16	2986	4058	4702	4717	4735	6416	6428	6452	6733	7156	7174	7214	7247	8662	16577	17840	18395	26931	26942	27575	35821	47921	53120	56926	63297	64867	64885	64999	67195	78102	78167	
logpost	784342
N	416
n	36
t01	0	2	4	6	11	2973	4045	4697	4713	4718	6407	6420	6436	6720	7141	7161	7196	7219	8648	16565	17826	18382	26918	26934	27561	35807	47910	53108	56911	63284	64856	64876	64981	67181	78089	78149	
t10	1	3	5	8	15	2986	4059	4703	4715	4735	6416	6425	6452	6732	7157	7173	7215	7251	8662	16577	17840	18395	26930	26942	27575	35820	47922	53120	56926	63297	64866	64886	64999	67195	78102	78167	
logpost	784352
N	423
n	36
t01	0	2	4	6	11	2974	4046	4698	4712	4718	6406	6420	6440	6720	7141	7160	7198	7219	8648	16565	17827	18383	26920	26932	27561	35807	47908	53109	56910	63284	64856	64876	64981	67181	78088	78129	
t10	1	3	5	8	17	2986	4058	4703	4716	4735	6412	6425	6452	6732	7155	7174	7216	7246	8661	16578	17840	18395	26929	26942	27575	35821	47922	53120	56926	63296	64866	64885	64999	67195	78103	78167	
logpost	784354
N	451
n	36
t01	0	2	4	7	12	2974	4046	4697	4713	4719	6407	6422	6436	6720	7141	7160	7197	7217	8648	16566	17827	18382	26919	26935	27561	35807	47908	53109	56910	63283	64856	64875	64981	67181	78089	78116	
t10	1	3	5	9	18	2986	4058	4703	4716	4734	6417	6427	6452	6733	7157	7172	7214	7250	8661	16577	17839	18395	26931	26943	27575	35822	47923	53120	56926	63296	64866	64886	64999	67195	78103	78167	
logpost	784348
N	426
n	36
t01	0	2	4	7	13	2974	4046	4697	4713	4718	6407	6424	6437	6720	7142	7160	7197	7232	8649	16565	17827	18382	26918	26933	27561	35807	47908	53109	56909	63283	64855	64876	64981	67182	78090	78118	
t10	1	3	5	9	19	2986	4058	4703	4715	4732	6416	6427	6452	6732	7156	7173	7217	7248	8661	16577	17840	18395	26929	26943	27574	35820	47921	53120	56926	63297	64867	64886	64999	67195	78104	78167	
logpost	784356
N	402
n	36
t01	0	2	4	7	12	2975	4047	4697	4711	4719	6407	6421	6438	6720	7142	7160	7197	7243	8649	16565	17827	18383	26918	26933	27561	35807	47909	53109	56910	63284	64856	64876	64981	67181	78090	78134	
t10	1	3	5	9	18	2986	4058	4702	4715	4734	6413	6425	6452	6733	7157	7173	7217	7252	8662	16577	17840	18395	26930	26946	27575	35820	47921	53121	56926	63297	64866	64885	64999	67195	78103	78167	
logpost	784349
N	392
n	36
t01	0	2	4	7	13	2974	4046	4698	4712	4718	6407	6421	6438	6720	7141	7161	7197	7227	8649	16565	17827	18382	26919	26934	27561	35807	47908	53109	56911	63285	64855	64876	64981	67181	78089	78157	
t10	1	3	5	9	20	2986	4058	4703	4715	4732	6415	6425	6452	6733	7156	7175	7218	7246	8661	16577	17840	18395	26930	26943	27574	35821	47922	53120	56926	63297	64867	64885	65000	67195	78103	78167	
logpost	784357
N	388
n	36
t01	0	2	4	6	10	2973	4045	4697	4713	4719	6408	6418	6439	6720	7142	7160	7197	7219	8647	16565	17827	18382	26918	26933	27560	35808	47908	53108	56909	63284	64855	64876	64980	67182	78089	78163	
t10	1	3	5	8	15	2986	4059	4702	4716	4733	6413	6424	6452	6733	7155	7173	7215	7243	8661	16577	17840	18395	26929	26942	27575	35820	47922	53120	56926	63296	64866	64886	64999	67195	78103	78167	
logpost	784351
N	400
n	36
t01	0	2	4	6	11	2974	4046	4697	4713	4720	6408	6421	6436	6720	7141	7161	7198	7219	8647	16565	17826	18382	26919	26933	27561	35808	47908	53109	56911	63283	64855	64875	64981	67182	78089	78151	
t10	1	3	5	8	17	2986	4058	4702	4716	4733	6415	6424	6452	6733	7157	7175	7214	7245	8661	16576	17840	18395	26930	26944	27574	35820	47922	53119	56926	63297	64867	64885	64998	67195	78103	78167	
logpost	784352
N	405
n	36
t01	0	2	4	7	11	2974	4047	4697	4712	4718	6407	6423	6441	6719	7141	7162	7198	7217	8649	16566	17827	18382	26919	26933	27561	35808	47908	53108	56910	63284	64855	64875	64982	67181	78090	78160	
t10	1	3	5	9	16	2986	4058	4702	4715	4737	6416	6435	6452	6733	7156	7173	7213	7246	8661	16577	17840	18395	26929	26946	27575	35821	47922	53121	56926	63297	64867	64886	65000	67195	78103	78167	
logpost	784347
N	381
n	36
t01	0	2	4	6	11	2974	4046	4699	4712	4719	6407	6424	6442	6719	7141	7161	7198	7217	8649	16564	17827	18383	26919	26934	27561	35807	47909	53109	56911	63284	64855	64876	64982	67181	78089	78163	
t10	1	3	5	8	16	2986	4058	4704	4715	4734	6417	6434	6452	6732	7157	7173	7204	7245	8661	16577	17840	18395	26931	26942	27575	35821	47922	53121	56926	63297	64867	64885	64998	67195	78103	78167	
logpost	784357
N	407
n	36
t01	0	2	4	7	12	2974	4045	4698	4713	4717	6407	6424	6442	6720	7141	7160	7197	7219	8647	16564	17827	18382	26919	26934	27561	35808	47908	53109	56910	63283	64855	64876	64982	67181	78089	78166	
t10	1	3	5	9	20	2986	4058	4703	4715	4734	6418	6439	6452	6733	7156	7173	7215	7247	8662	16577	17840	18395	26930	26944	27574	35821	47921	53120	56926	63297	64866	64886	64999	67195	78104	78167	
logpost	784355
N	400
n	36
t01	0	2	4	7	13	2973	4046	4698	4713	4719	6405	6419	6438	6721	7141	7162	7197	7218	8649	16566	17827	18381	26919	26934	27561	35808	47908	53109	56911	63284	64856	64876	64981	67181	78090	78152	
t10	1	3	5	9	19	2986	4058	4703	4716	4732	6413	6424	6452	6732	7157	7173	7215	7251	8661	16577	17839	18395	26930	26944	27575	35821	47921	53119	56926	63297	64866	64885	65000	67195	78103	78167	
logpost	784351
N	399
n	36
t01	0	2	4	6	11	2974	4046	4698	4712	4718	6407	6420	6439	6720	7142	7160	7198	7219	8647	16566	17827	18383	26918	26933	27560	35807	47909	53109	56910	63284	64856	64876	64981	67181	78090	78155	
t10	1	3	5	8	17	2986	4058	4703	4715	4732	6413	6425	6452	6733	7155	7173	7215	7252	8661	16577	17840	18395	26929	26943	27575	35821	47922	53120	56926	63298	64866	64885	64999	67195	78103	78167	
logpost	784362
N	396
n	36
t01	0	2	4	7	12	2973	4046	4698	4713	4718	6407	6424	6439	6720	7142	7161	7198	7218	8648	16566	17828	18382	26918	26933	27561	35808	47909	53109	56910	63284	64855	64876	64982	67181	78090	78153	
t10	1	3	5	9	18	2986	4058	4703	4715	4733	6415	6425	6452	6733	7157	7173	7216	7247	8662	16577	17840	18395	26929	26944	27575	35820	47922	53120	56926	63297	64866	64885	64999	67195	78104	78167	
logpost	784357
N	395
n	36
t01	0	2	4	6	10	2974	4046	4698	4713	4718	6405	6420	6439	6720	7141	7160	7198	7219	8647	16567	17826	18383	26918	26935	27560	35808	47910	53108	56910	63284	64855	64876	64982	67182	78090	78156	
t10	1	3	5	8	15	2986	4058	4703	4715	4733	6413	6425	6452	6733	7155	7174	7215	7246	8662	16576	17840	18395	26931	26945	27575	35819	47922	53121	56926	63297	64866	64885	65001	67195	78103	78167	
logpost	784346
N	410
n	36
t01	0	2	4	6	10	2974	4046	4696	4713	4718	6406	6420	6440	6719	7142	7160	7198	7218	8647	16566	17827	18382	26919	26935	27561	35807	47908	53109	56910	63283	64856	64876	64983	67181	78090	78152	
t10	1	3	5	8	16	2986	4058	4703	4716	4735	6417	6424	6452	6732	7156	7172	7215	7253	8661	16577	17840	18395	26930	26945	27574	35820	47922	53120	56926	63297	64867	64885	64999	67195	78103	78167	
logpost	784352
N	435
n	36
t01	0	2	4	7	11	2973	4045	4697	4713	4719	6407	6424	6451	6720	7142	7162	7198	7218	8649	16565	17827	18382	26918	26935	27560	35808	47910	53109	56911	63283	64855	64876	64981	67181	78088	78118	
t10	1	3	5	9	16	2986	4058	4702	4716	4734	6417	6437	6452	6733	7157	7174	7215	7248	8661	16578	17840	18395	26931	26942	27575	35820	47922	53120	56926	63297	64867	64885	64998	67195	78103	78167	
logpost	784356
N	395
n	36
t01	0	2	4	6	11	2974	4046	4698	4713	4718	6405	6422	6440	6720	7141	7161	7198	7219	8647	16563	17827	18382	26919	26933	27561	35808	47908	53109	56910	63283	64855	64875	64981	67180	78090	78162	
t10	1	3	5	8	16	2986	4058	4703	4716	4732	6414	6425	6452	6733	7157	7174	7216	7246	8662	16577	17840	18395	26930	26944	27575	35820	47921	53120	56926	63297	64866	64885	64999	67195	78103	78167	
logpost	784360
N	387
n	36
t01	0	2	4	6	10	2973	4046	4696	4713	4719	6407	6422	6438	6720	7143	7160	7198	7229	8648	16565	17827	18382	26919	26933	27560	35808	47906	53109	56913	63284	64855	64876	64981	67181	78089	78166	
t10	1	3	5	8	16	2986	4058	4702	4716	4733	6418	6425	6452	6733	7156	7174	7217	7249	8661	16578	17840	18396	26929	26945	27575	35820	47922	53120	56926	63297	64867	64885	64998	67195	78103	78167	
logpost	784350
N	448
n	36
t01	0	2	4	6	11	2973	4046	4697	4712	4718	6406	6421	6439	6721	7142	7162	7198	7218	8647	16561	17827	18382	26919	26933	27561	35808	47908	53108	56911	63284	64855	64876	64981	67181	78089	78116	
t10	1	3	5	8	17	2986	4058	4702	4714	4732	6413	6425	6452	6733	7158	7173	7213	7253	8662	16577	17840	18395	26930	26944	27575	35820	47922	53120	56926	63297	64867	64886	64999	67195	78104	78167	
logpost	784349
N	397
n	36
t01	0	2	4	7	12	2973	4046	4697	4714	4719	6407	6419	6441	6720	7142	7161	7197	7218	8648	16565	17827	18382	26919	26934	27561	35808	47908	53109	56911	63284	64856	64876	64981	67182	78089	78144	
t10	1	3	5	9	16	2986	4058	4703	4716	4733	6411	6424	6452	6733	7156	7172	7214	7247	8661	16578	17840	18395	26930	26944	27574	35820	47922	53120	56926	63297	64866	64885	64999	67195	78103	78167	
logpost	784364
N	382
n	36
t01	0	2	4	6	10	2974	4046	4697	4712	4718	6407	6423	6440	6720	7142	7161	7198	7218	8648	16564	17827	18383	26918	26934	27561	35808	47908	53108	56911	63284	64856	64876	64982	67182	78090	78164	
t10	1	3	5	8	15	2986	4058	4702	4715	4733	6416	6425	6452	6733	7156	7172	7215	7246	8661	16577	17840	18395	26930	26945	27575	35821	47921	53120	56926	63297	64867	64886	64998	67195	78103	78167	
logpost	784364
N	394
n	36
t01	0	2	4	7	11	2974	4045	4698	4713	4718	6406	6421	6436	6719	7141	7160	7198	7218	8648	16565	17827	18383	26918	26934	27560	35807	47908	53109	56911	63283	64856	64876	64982	67182	78090	78158	
t10	1	3	5	9	15	2986	4058	4703	4716	4732	6413	6424	6452	6732	7156	7173	7214	7248	8662	16577	17839	18395	26930	26945	27575	35820	47921	53120	56926	63297	64866	64885	65000	67195	78103	78167	
logpost	784354
N	432
n	36
t01	0	2	4	7	12	2974	4045	4698	4712	4720	6406	6424	6440	6720	7141	7160	7198	7220	8648	16565	17827	18383	26918	26933	27561	35808	47909	53109	56910	63284	64856	64875	64981	67180	78090	78121	
t10	1	3	5	9	17	2987	4058	4703	4716	4733	6417	6427	6452	6733	7156	7175	7215	7245	8661	16577	17840	18395	26929	26943	27574	35821	47922	53120	56926	63297	64867	64885	64999	67195	78104	78167	
logpost	784348
N	426
n	36
t01	0	2	4	7	11	2973	4046	4697	4713	4718	6407	6424	6445	6720	7142	7161	7199	7218	8647	16565	17827	18382	26918	26934	27560	35808	47908	53109	56910	63284	64855	64875	64982	67182	78089	78135	
t10	1	3	5	9	16	2986	4058	4703	4715	4735	6418	6436	6452	6733	7157	7173	7214	7245	8661	16577	17840	18395	26931	26943	27575	35820	47922	53120	56926	63297	64867	64886	64999	67195	78104	78167	
logpost	784361
N	397
n	36
t01	0	2	4	6	11	2974	4045	4697	4713	4718	6406	6420	6441	6720	7141	7161	7197	7235	8648	16564	17827	18383	26918	26933	27560	35808	47908	53108	56910	63284	64856	64876	64982	67181	78089	78147	
t10	1	3	5	8	16	2986	4057	4702	4715	4734	6416	6424	6452	6733	7157	7172	7217	7251	8662	16577	17840	18395	26929	26945	27574	35820	47922	53120	56926	63298	64866	64885	64998	67195	78103	78167	
logpost	784354
N	431
n	36
t01	0	2	4	6	11	2974	4045	4697	4712	4719	6407	6423	6436	6720	7142	7160	7197	7225	8646	16564	17827	18382	26919	26934	27560	35808	47908	53109	56910	63283	64856	64876	64982	67182	78089	78127	
t10	1	3	5	8	17	2986	4058	4703	4716	4735	6416	6426	6452	6733	7155	7172	7217	7250	8661	16577	17840	18395	26931	26945	27575	35820	47922	53119	56925	63297	64866	64885	64999	67194	78103	78167	
logpost	784349
N	441
n	36
t01	0	2	4	6	11	2973	4046	4696	4713	4720	6406	6421	6441	6721	7142	7161	7198	7231	8648	16565	17826	18382	26919	26933	27560	35808	47908	53109	56910	63283	64855	64875	64981	67181	78089	78115	
t10	1	3	5	8	16	2986	4058	4703	4716	4735	6416	6425	6452	6732	7156	7173	7217	7254	8662	16577	17840	18395	26930	26945	27575	35820	47922	53120	56926	63297	64867	64885	64999	67195	78103	78167	
logpost	784358
N	435
n	36
t01	0	2	4	7	12	2974	4046	4698	4713	4720	6405	6421	6439	6720	7142	7161	7197	7232	8647	16564	17827	18383	26918	26934	27561	35807	47907	53108	56911	63284	64855	64876	64981	67181	78089	78116	
t10	1	3	5	9	17	2986	4058	4703	4716	4731	6412	6425	6452	6733	7157	7174	7217	7255	8661	16576	17840	18395	26930	26945	27575	35820	47922	53121	56926	63297	64867	64885	64999	67195	78103	78167	
logpost	784358
N	435
n	36
t01	0	2	4	6	11	2973	4045	4698	4713	4718	6406	6422	6439	6721	7142	7160	7198	7225	8648	16565	17827	18382	26919	26932	27560	35807	47908	53108	56912	63283	64855	64876	64981	67182	78089	78114	
t10	1	3	5	8	16	2986	4058	4703	4715	4734	6412	6425	6452	6733	7155	7172	7217	7246	8661	16578	17840	18395	26929	26945	27575	35820	47922	53120	56926	63297	64868	64885	64999	67195	78104	78167	
logpost	784355
N	424
n	35
t01	0	2	4	6	11	2973	4044	4697	4712	4718	6407	6440	6720	7141	7160	7198	7230	8648	16564	17827	18382	26919	26934	27561	35808	47908	53109	56910	63283	64855	64876	64982	67181	78090	78134	
t10	1	3	5	8	16	2986	4058	4702	4715	4732	6423	6452	6733	7157	7174	7217	7256	8661	16577	17840	18395	26930	26942	27574	35821	47922	53120	56926	63297	64867	64885	64999	67195	78103	78167	
logpost	784359
N	444
n	35
t01	0	2	4	6	11	2973	4046	4698	4713	4718	6407	6436	6720	7142	7161	7197	7227	8649	16565	17826	18382	26919	26933	27560	35808	47909	53108	56910	63283	64855	64876	64981	67180	78089	78116	
t10	1	3	5	8	17	2986	4059	4703	4715	4734	6423	6452	6733	7156	7174	7217	7246	8662	16578	17840	18395	26930	26944	27574	35821	47921	53120	56926	63297	64867	64885	64999	67195	78102	78167	
logpost	784353
N	447
n	35
t01	0	2	4	6	11	2974	4044	4697	4713	4720	6407	6440	6720	7141	7162	7197	7226	8647	16565	17827	18383	26918	26935	27561	35807	47909	53108	56911	63284	64855	64876	64982	67181	78089	78118	
t10	1	3	5	8	17	2986	4058	4702	4716	4734	6423	6452	6733	7157	7173	7217	7254	8662	16578	17840	18395	26931	26946	27575	35820	47923	53119	56926	63297	64867	64885	64999	67195	78104	78167	
logpost	784356
N	415
n	35
t01	0	2	4	7	11	2974	4047	4697	4711	4718	6407	6435	6720	7142	7160	7198	7240	8647	16564	17827	18384	26919	26933	27561	35807	47907	53109	56911	63284	64856	64876	64981	67182	78090	78133	
t10	1	3	5	9	16	2986	4058	4703	4715	4734	6423	6452	6733	7156	7173	7216	7254	8661	16576	17840	18395	26929	26946	27575	35820	47922	53120	56926	63297	64867	64885	64999	67195	78103	78167	
logpost	784345
N	401
n	35
t01	0	2	4	6	11	2973	4046	4697	4712	4718	6408	6440	6720	7142	7160	7198	7229	8649	16566	17826	18383	26919	26933	27560	35808	47909	53108	56911	63284	64856	64875	64980	67181	78090	78150	
t10	1	3	5	8	16	2986	4058	4703	4714	4735	6423	6452	6733	7156	7173	7217	7251	8661	16577	17840	18395	26930	26943	27575	35820	47921	53121	56926	63297	64866	64886	64999	67195	78103	78167	
logpost	784361
N	384
n	36
t01	0	2	4	7	14	2974	4046	4698	4713	4718	6406	6425	6442	6720	7142	7161	7197	7226	8648	16567	17826	18383	26920	26933	27560	35808	47909	53109	56911	63284	64856	64876	64983	67182	78089	78166	
t10	1	3	5	10	19	2986	4058	4703	4716	4733	6420	6434	6452	6732	7156	7172	7217	7254	8661	16577	17840	18395	26928	26941	27575	35820	47923	53120	56926	63297	64867	64886	64998	67195	78103	78167	
logpost	784347
N	123
n	20
t01	0	2977	4704	6416	6450	6453	17830	18386	27098	27563	35809	56913	64858	64862	64881	64986	64989	64991	64993	78166	
t10	1	2986	4714	6424	6452	6468	17838	18395	27099	27571	35820	56926	64861	64880	64883	64988	64990	64992	64994	78167	
logpost	327877
N	115
n	19
t01	0	2977	4704	6404	6450	6453	17828	18385	27098	27563	56915	64845	64862	64881	64986	64989	64991	64993	78166	
t10	1	2987	4716	6414	6452	6454	17838	18393	27099	27571	56927	64861	64880	64882	64988	64990	64992	64994	78167	
logpost	327872
N	114
n	19
t01	0	2977	4704	6420	6450	6453	17827	18387	27098	27564	56918	64860	64862	64881	64986	64989	64991	64993	78142	
t10	1	2986	4714	6423	6452	6463	17838	18393	27099	27571	56923	64861	64880	64882	64988	64990	64992	64994	78167	
logpost	327872
N	165
n	19
t01	0	2978	4704	6410	6450	6453	17830	18385	27563	56915	63289	64847	64862	64881	64986	64989	64991	64993	78159	
t10	1	2987	4715	6424	6452	6470	17841	18395	27571	56926	63290	64861	64880	64907	64988	64990	64992	64994	78167	
logpost	327874
N	114
n	19
t01	0	2976	4702	6412	6450	6453	17830	18385	27564	56916	63289	64850	64862	64881	64986	64989	64991	64993	78165	
t10	1	2987	4715	6425	6452	6454	17838	18393	27571	56926	63290	64861	64880	64885	64988	64990	64992	64994	78167	
logpost	327878
N	129
n	19
t01	0	2976	4703	6409	6450	6453	17830	18385	27562	56914	63289	64844	64862	64881	64986	64989	64991	64993	78164	
t10	1	2986	4716	6423	6452	6454	17838	18395	27576	56926	63290	64861	64880	64882	64988	64990	64992	64994	78167	
logpost	327872
N	128
n	19
t01	0	2976	4704	6407	6448	6453	17828	18382	27563	56915	63289	64857	64862	64881	64986	64989	64991	64993	78166	
t10	1	2987	4714	6424	6452	6464	17838	18395	27573	56925	63290	64861	64880	64884	64988	64990	64992	64994	78167	
logpost	327872
N	129
n	17
t01	0	2977	4703	6401	6450	6453	17830	18383	27563	64849	64862	64881	64986	64989	64991	64993	78156	
t10	1	2986	4715	6416	6452	6467	17838	18396	27571	64861	64880	64883	64988	64990	64992	64994	78167	
logpost	327879
N	150
n	18
t01	0	2977	4704	6419	6450	6453	17830	18385	27098	27564	64804	64862	64881	64986	64989	64991	64993	78166	
t10	1	2986	4712	6420	6452	6467	17839	18395	27099	27571	64861	64880	64889	64988	64990	64992	64994	78167	
logpost	327890
N	89
n	18
t01	0	2977	4704	6410	6450	6453	17830	18384	27098	27564	64859	64862	64881	64986	64989	64991	64993	78165	
t10	1	2984	4714	6421	6452	6457	17838	18395	27099	27571	64861	64880	64882	64988	64990	64992	64994	78167	
logpost	327894
N	115
n	18
t01	0	2975	4704	6407	6450	6453	17830	18381	27098	27563	64853	64862	64881	64986	64989	64991	64993	78165	
t10	1	2986	4714	6424	6452	6458	17839	18395	27099	27571	64861	64880	64886	64988	64990	64992	64994	78167	
logpost	327889
N	120
n	18
t01	0	2976	4704	6405	6450	6453	17830	18387	27098	27564	64859	64862	64881	64986	64989	64991	64993	78160	
t10	1	2986	4712	6423	6452	6463	17839	18395	27099	27571	64861	64880	64896	64988	64990	64992	64994	78167	
logpost	327891
N	100
n	18
t01	0	2976	4704	6411	6450	6453	17828	18385	27098	27564	64859	64862	64881	64986	64989	64991	64993	78164	
t10	1	2984	4712	6424	6452	6457	17838	18395	27099	27571	64861	64880	64890	64988	64990	64992	64994	78167	
logpost	327893
N	129
n	18
t01	0	2976	4704	6410	6450	6453	17830	18387	27098	27564	64858	64862	64881	64986	64989	64991	64993	78131	
t10	1	2986	4713	6424	6452	6456	17838	18392	27099	27571	64861	64880	64889	64988	64990	64992	64994	78167	
logpost	327888
N	105
n	17
t01	0	2978	4704	6424	6450	6453	17830	18385	27563	64858	64862	64881	64986	64989	64991	64993	78146	
t10	1	2986	4714	6434	6452	6457	17839	18392	27570	64861	64880	64882	64988	64990	64992	64994	78167	
logpost	327888
N	138
n	17
t01	0	2976	4702	6407	6450	6453	17828	18383	27564	64855	64862	64881	64986	64989	64991	64993	78137	
t10	1	2986	4714	6422	6452	6457	17838	18395	27576	64861	64880	64883	64988	64990	64992	64994	78167	
logpost	327888
N	143
n	17
t01	0	2976	4704	6421	6450	6453	17826	18384	27563	64855	64862	64881	64986	64989	64991	64993	78145	
t10	1	2986	4714	6423	6452	6488	17841	18393	27571	64861	64880	64882	64988	64990	64992	64994	78167	
logpost	327881
N	125
n	17
t01	0	2977	4704	6413	6448	6453	17827	18384	27564	64856	64862	64881	64986	64989	64991	64993	78165	
t10	1	2987	4714	6424	6452	6462	17839	18395	27571	64861	64880	64902	64988	64990	64992	64994	78167	
logpost	327887
N	137
n	17
t01	0	2976	4704	6417	6450	6453	17830	18380	27564	64847	64862	64881	64986	64989	64991	64993	78166	
t10	1	2985	4713	6425	6452	6483	17840	18395	27571	64861	64880	64890	64988	64990	64992	64994	78167	
logpost	327881
N	119
n	17
t01	0	2976	4704	6411	6450	6453	17830	18387	27564	64842	64862	64881	64986	64989	64991	64993	78164	
t10	1	2984	4714	6424	6452	6470	17838	18395	27571	64861	64880	64882	64988	64990	64992	64994	78167	
logpost	327893
N	134
n	17
t01	0	2976	4704	6424	6450	6453	17830	18382	27564	64860	64862	64881	64986	64989	64991	64993	78165	
t10	1	2986	4715	6435	6452	6481	17839	18393	27571	64861	64880	64900	64988	64990	64992	64994	78167	
logpost	327888
N	136
n	17
t01	0	2973	4704	6424	6449	6453	17830	18386	27564	64844	64862	64881	64986	64989	64991	64993	78155	
t10	1	2984	4714	6436	6452	6468	17841	18395	27576	64861	64880	64882	64988	64990	64992	64994	78167	
logpost	327881
N	118
n	17
t01	0	2977	4704	6419	6450	6453	17828	18385	27564	64830	64862	64881	64986	64989	64991	64993	78166	
t10	1	2986	4714	6425	6452	6460	17841	18395	27569	64861	64880	64882	64988	64990	64992	64994	78167	
logpost	327890
N	116
n	17
t01	0	2976	4704	6419	6450	6453	17830	18384	27564	64857	64862	64881	64986	64989	64991	64993	78163	
t10	1	2987	4714	6426	6452	6456	17839	18395	27571	64861	64880	64906	64988	64990	64992	64994	78167	
logpost	327890
N	169
n	18
t01	0	2976	4703	6416	6450	6453	17827	18385	27563	50941	64844	64862	64881	64986	64989	64991	64993	78127	
t10	1	2986	4714	6426	6452	6455	17838	18392	27570	50942	64861	64880	64909	64988	64990	64992	64994	78167	
logpost	327873
N	245
n	18
t01	0	2976	4704	6408	6450	6453	17830	18382	27564	50941	64855	64862	64881	64986	64989	64991	64993	78076	
t10	1	2987	4714	6423	6452	6509	17839	18395	27571	50942	64861	64880	64882	64988	64990	64992	64994	78167	
logpost	327876
N	169
n	18
t01	0	2977	4704	6403	6450	6453	17828	18387	27564	50941	64844	64862	64881	64986	64989	64991	64993	78118	
t10	1	2986	4714	6422	6452	6463	17840	18392	27571	50942	64861	64880	64886	64988	64990	64992	64994	78167	
logpost	327879
N	156
n	20
t01	0	2978	4704	6424	6448	6453	17828	18387	27098	27561	50941	63289	64852	64862	64881	64986	64989	64991	64993	78120	
t10	1	2984	4712	6435	6452	6469	17839	18395	27099	27570	50942	63290	64861	64880	64882	64988	64990	64992	64994	78167	
logpost	327877
N	126
n	19
t01	0	2976	4704	6424	6450	6453	17830	18387	27098	27564	63289	64859	64862	64881	64986	64989	64991	64993	78165	
t10	1	2987	4712	6430	6452	6463	17841	18395	27099	27571	63290	64861	64880	64915	64988	64990	64992	64994	78167	
logpost	327889
N	128
n	19
t01	0	2977	4704	6424	6450	6453	17828	18383	27098	27562	63289	64856	64862	64881	64986	64989	64991	64993	78166	
t10	1	2986	4714	6435	6452	6467	17839	18395	27099	27571	63290	64861	64880	64900	64988	64990	64992	64994	78167	
logpost	327888
N	145
n	18
t01	0	2978	4704	6419	6448	6453	17830	18387	27098	27564	64838	64862	64881	64986	64989	64991	64993	78165	
t10	1	2987	4712	6424	6452	6464	17838	18395	27099	27571	64861	64880	64917	64988	64990	64992	64994	78167	
logpost	327885
N	141
n	18
t01	0	2976	4704	6407	6450	6453	17830	18383	27098	27562	64849	64862	64881	64986	64989	64991	64993	78150	
t10	1	2984	4714	6420	6452	6471	17841	18395	27099	27571	64861	64880	64886	64988	64990	64992	64994	78167	
logpost	327885
N	126
n	18
t01	0	2978	4704	6417	6450	6453	17828	18387	27098	27564	64838	64862	64881	64986	64989	64991	64993	78166	
t10	1	2986	4714	6424	6452	6474	17839	18395	27099	27571	64861	64880	64885	64988	64990	64992	64994	78167	
logpost	327891
N	127
n	18
t01	0	2976	4703	6400	6450	6453	17827	18384	27098	27564	64860	64862	64881	64986	64989	64991	64993	78142	
t10	1	2984	4712	6424	6452	6454	17838	18395	27099	27571	64861	64880	64885	64988	64990	64992	64994	78167	
logpost	327885
N	108
n	18
t01	0	2978	4702	6419	6450	6453	17828	18385	27098	27564	64858	64862	64881	64986	64989	64991	64993	78160	
t10	1	2984	4714	6420	6452	6468	17839	18395	27099	27571	64861	64880	64891	64988	64990	64992	64994	78167	
logpost	327890
N	140
n	18
t01	0	2979	4704	6403	6450	6453	17829	18383	27098	27564	64845	64862	64881	64986	64989	64991	64993	78154	
t10	1	2987	4714	6422	6452	6462	17838	18395	27099	27571	64861	64880	64892	64988	64990	64992	64994	78167	
logpost	327882
N	96
n	18
t01	0	2978	4704	6407	6450	6453	17830	18387	27098	27561	64860	64862	64881	64986	64989	64991	64993	78166	
t10	1	2987	4712	6424	6452	6459	17838	18395	27099	27571	64861	64880	64883	64988	64990	64992	64994	78167	
logpost	327894
N	136
n	18
t01	0	2978	4704	6410	6450	6453	17828	18385	27098	27564	64854	64862	64881	64986	64989	64991	64993	78164	
t10	1	2986	4714	6424	6452	6470	17840	18395	27099	27576	64861	64880	64898	64988	64990	64992	64994	78167	
logpost	327887
N	178
n	18
t01	0	2978	4704	6424	6449	6453	17830	18387	27098	27563	64856	64862	64881	64986	64989	64991	64993	78166	
t10	1	2986	4714	6435	6452	6532	17840	18395	27099	27576	64861	64880	64887	64988	64990	64992	64994	78167	
logpost	327883
N	179
n	18
t01	0	2976	4704	6424	6450	6453	17830	18385	27098	27564	64835	64862	64881	64986	64989	64991	64993	78166	
t10	1	2985	4712	6435	6452	6522	17838	18395	27099	27571	64861	64880	64885	64988	64990	64992	64994	78167	
logpost	327887
N	219
n	20
t01	0	2	4	7	2976	4702	4716	6407	6424	6452	17828	18384	27562	35809	63286	64858	64877	64983	78089	78117	
t10	1	3	5	10	2986	4714	4732	6421	6434	6455	17839	18395	27574	35820	63297	64866	64884	64997	78103	78167	
logpost	666424
N	192
n	20
t01	0	2	4	7	2976	4702	4717	6407	6426	6452	17828	18384	27562	35808	63285	64858	64877	64983	78090	78146	
t10	1	3	5	10	2986	4713	4731	6420	6435	6462	17839	18395	27574	35820	63296	64866	64884	64997	78103	78167	
logpost	666421
N	194
n	20
t01	0	2	4	7	2975	4701	4717	6407	6424	6452	17827	18383	27561	35809	63286	64857	64877	64982	78091	78148	
t10	1	3	5	10	2986	4714	4733	6421	6436	6455	17840	18395	27574	35820	63296	64865	64884	64997	78103	78167	
logpost	666421
N	170
n	20
t01	0	2	4	7	2976	4702	4718	6406	6424	6452	17827	18384	27562	35809	63285	64858	64876	64982	78089	78166	
t10	1	3	5	10	2986	4714	4731	6417	6435	6458	17839	18395	27574	35819	63296	64865	64884	64998	78103	78167	
logpost	666425
N	189
n	20
t01	0	2	4	7	2975	4701	4718	6406	6424	6452	17827	18383	27562	35809	63285	64858	64877	64983	78090	78144	
t10	1	3	5	10	2986	4714	4732	6414	6434	6454	17840	18395	27574	35820	63296	64866	64884	64999	78103	78167	
logpost	666420
N	167
n	20
t01	0	2	4	7	2976	4702	4717	6407	6424	6452	17827	18384	27561	35809	63285	64858	64876	64982	78091	78165	
t10	1	3	5	10	2986	4713	4737	6416	6435	6453	17840	18394	27574	35819	63296	64864	64884	64998	78102	78167	
logpost	666416
N	190
n	20
t01	0	2	4	7	2976	4702	4717	6407	6424	6452	17826	18384	27562	35809	63286	64856	64877	64983	78089	78150	
t10	1	3	5	10	2986	4714	4733	6421	6435	6454	17840	18395	27573	35820	63296	64866	64884	64998	78103	78167	
logpost	666416
N	211
n	20
t01	0	2	4	7	2976	4702	4717	6408	6426	6452	17828	18384	27562	35809	63286	64858	64876	64983	78089	78120	
t10	1	3	5	10	2986	4714	4734	6419	6434	6454	17840	18395	27574	35820	63296	64865	64884	64997	78103	78167	
logpost	666424
N	200
n	20
t01	0	2	4	7	2975	4702	4717	6407	6424	6452	17828	18384	27562	35809	63286	64858	64876	64982	78090	78132	
t10	1	3	5	11	2986	4714	4731	6415	6436	6457	17839	18395	27573	35820	63297	64864	64884	64997	78103	78167	
logpost	666421
N	233
n	21
t01	0	2	4	7	2976	4702	4718	6407	6424	6452	17827	18384	26919	27562	35810	63285	64857	64877	64983	78090	78116	
t10	1	3	5	10	2986	4714	4730	6416	6436	6460	17840	18395	26930	27574	35820	63297	64866	64884	64999	78103	78167	
logpost	666499
N	219
n	21
t01	0	2	4	7	2975	4702	4718	6408	6426	6452	17828	18383	26919	27561	35809	63286	64858	64877	64983	78090	78117	
t10	1	3	5	10	2986	4714	4729	6421	6434	6455	17839	18395	26930	27574	35819	63296	64864	64884	64997	78102	78167	
logpost	666501
N	229
n	21
t01	0	2	4	7	2976	4701	4718	6407	6424	6452	17828	18383	26920	27561	35809	63284	64858	64877	64982	78090	78117	
t10	1	3	5	10	2986	4714	4730	6418	6436	6455	17840	18395	26930	27574	35820	63296	64865	64884	64998	78103	78167	
logpost	666504
N	193
n	21
t01	0	2	4	7	2975	4702	4718	6408	6425	6452	17828	18383	26919	27561	35809	63284	64857	64876	64982	78090	78158	
t10	1	3	5	10	2986	4714	4731	6420	6435	6456	17839	18395	26931	27574	35820	63297	64866	64884	64997	78103	78167	
logpost	666501
N	176
n	21
t01	0	2	4	7	2976	4702	4717	6407	6424	6452	17828	18383	26919	27562	35809	63286	64857	64877	64983	78091	78166	
t10	1	3	5	10	2986	4712	4732	6417	6435	6456	17839	18395	26930	27574	35820	63296	64866	64884	64998	78103	78167	
logpost	666504
N	186
n	21
t01	0	2	4	7	2976	4702	4717	6407	6424	6452	17828	18383	26920	27562	35809	63286	64857	64877	64982	78090	78163	
t10	1	3	5	11	2986	4714	4733	6416	6435	6459	17839	18395	26930	27574	35820	63297	64865	64884	64998	78103	78167	
logpost	666505
N	189
n	20
t01	0	2	4	9	2975	4702	4717	6408	6452	17827	18384	26920	27561	35809	63285	64858	64876	64983	78090	78151	
t10	1	3	6	15	2986	4714	4730	6422	6457	17839	18395	26930	27573	35820	63297	64864	64884	64997	78103	78167	
logpost	666493
N	176
n	20
t01	0	2	4	7	2976	4702	4717	6407	6452	17827	18384	26920	27562	35809	63286	64858	64876	64983	78090	78165	
t10	1	3	5	11	2986	4713	4733	6423	6458	17839	18395	26930	27574	35820	63296	64865	64885	64997	78103	78167	
logpost	666503
N	192
n	20
t01	0	2	4	7	2975	4702	4717	6407	6452	17828	18384	26919	27562	35809	63286	64857	64877	64983	78090	78151	
t10	1	3	5	11	2986	4713	4736	6423	6455	17839	18395	26930	27574	35820	63296	64866	64884	64998	78103	78167	
logpost	666502
N	172
n	20
t01	0	2	4	7	2976	4702	4717	6407	6452	17828	18383	26919	27562	35809	63286	64858	64877	64983	78089	78165	
t10	1	3	5	10	2986	4713	4734	6423	6454	17839	18395	26930	27574	35819	63297	64865	64884	64997	78103	78167	
logpost	666505
N	171
n	20
t01	0	2	4	7	2975	4702	4716	6410	6452	17828	18383	26919	27562	35809	63286	64857	64877	64983	78091	78164	
t10	1	3	5	10	2986	4713	4732	6423	6455	17840	18395	26930	27573	35819	63297	64865	64884	64998	78103	78167	
logpost	666498
N	188
n	20
t01	0	2	4	7	2976	4701	4717	6408	6452	17828	18383	26920	27562	35808	63286	64856	64877	64983	78091	78150	
t10	1	3	5	10	2986	4714	4733	6423	6456	17839	18395	26930	27575	35820	63296	64865	64884	64997	78101	78167	
logpost	666497
N	219
n	20
t01	0	2	4	7	2977	4702	4717	6410	6452	17827	18383	26920	27562	35809	63286	64858	64877	64983	78090	78115	
t10	1	3	5	10	2986	4714	4730	6422	6458	17839	18395	26930	27574	35820	63296	64866	64884	64997	78104	78167	
logpost	666499
N	217
n	20
t01	0	2	4	6	2975	4702	4717	6408	6452	17828	18384	26919	27561	35809	63285	64858	64877	64983	78091	78118	
t10	1	3	5	10	2986	4714	4728	6423	6455	17839	18395	26930	27574	35820	63296	64865	64884	64998	78104	78167	
logpost	666502
N	190
n	20
t01	0	2	4	7	2976	4702	4717	6407	6452	17828	18383	26919	27561	35808	63286	64858	64876	64982	78089	78148	
t10	1	3	5	10	2986	4713	4727	6423	6459	17839	18395	26930	27574	35819	63296	64864	64884	64998	78103	78167	
logpost	666498
N	167
n	20
t01	0	2	4	7	2975	4702	4717	6407	6452	17827	18384	26919	27562	35809	63286	64858	64877	64983	78091	78162	
t10	1	3	5	10	2986	4713	4727	6423	6455	17840	18395	26931	27574	35819	63295	64864	64884	64997	78103	78167	
logpost	666497
N	188
n	20
t01	0	2	4	7	2976	4702	4717	6407	6452	17828	18383	26919	27561	35809	63286	64858	64877	64983	78091	78157	
t10	1	3	5	10	2986	4713	4735	6424	6457	17839	18395	26931	27574	35819	63297	64867	64884	64998	78103	78167	
logpost	666495
N	172
n	20
t01	0	2	4	7	2976	4702	4717	6408	6452	17827	18384	26920	27561	35809	63284	64858	64877	64983	78090	78166	
t10	1	3	5	10	2986	4714	4729	6423	6458	17839	18395	26930	27575	35819	63297	64865	64884	64997	78103	78167	
logpost	666503
N	212
n	20
t01	0	2	4	7	2976	4702	4717	6407	6452	17827	18383	26919	27561	35809	63286	64857	64877	64982	78090	78128	
t10	1	3	5	10	2986	4714	4733	6423	6454	17839	18395	26930	27574	35819	63296	64865	64884	64998	78103	78167	
logpost	666504
N	228
n	20
t01	0	2	4	7	2975	4701	4717	6408	6452	17828	18383	26919	27561	35809	63285	64857	64876	64983	78091	78117	
t10	1	3	5	10	2986	4713	4734	6423	6457	17840	18395	26930	27574	35819	63297	64866	64884	64997	78103	78167	
logpost	666500
N	228
n	20
t01	0	2	4	7	2976	4702	4717	6407	6452	17829	18383	26919	27562	35809	63286	64858	64876	64982	78091	78113	
t10	1	3	5	11	2986	4713	4732	6422	6458	17840	18395	26931	27574	35819	63296	64864	64884	64999	78104	78167	
logpost	666493
N	225
n	20
t01	0	2	4	7	2976	4701	4717	6406	6452	17828	18384	26920	27562	35809	63286	64857	64876	64982	78088	78116	
t10	1	3	5	10	2986	4714	4730	6423	6455	17839	18395	26930	27574	35820	63296	64866	64884	64998	78103	78167	
logpost	666500
N	218
n	20
t01	0	2	4	7	2977	4702	4717	6410	6452	17828	18384	26920	27562	35808	63284	64858	64876	64982	78091	78119	
t10	1	3	5	10	2986	4714	4732	6423	6455	17839	18395	26930	27575	35819	63297	64865	64884	64998	78104	78167	
logpost	666494
N	228
n	20
t01	0	2	4	6	2975	4702	4717	6407	6452	17828	18383	26920	27562	35809	63286	64857	64877	64983	78090	78116	
t10	1	3	5	10	2986	4714	4732	6423	6459	17839	18395	26930	27574	35819	63297	64866	64884	64998	78103	78167	
logpost	666504
N	221
n	20
t01	0	2	4	7	2975	4702	4718	6407	6452	17827	18384	26920	27562	35809	63285	64858	64877	64983	78091	78117	
t10	1	3	5	10	2986	4714	4731	6423	6456	17840	18395	26930	27574	35820	63297	64865	64884	64998	78103	78167	
logpost	666507
N	216
n	20
t01	0	2	4	7	2976	4702	4717	6407	6452	17828	18383	26920	27562	35809	63285	64858	64877	64982	78091	78129	
t10	1	3	5	10	2986	4714	4737	6423	6458	17839	18395	26931	27575	35820	63296	64864	64884	64997	78103	78167	
logpost	666499
N	230
n	21
t01	0	2	4	7	2976	4701	4717	6410	6452	17828	18384	26920	27561	35808	63286	64857	64876	64982	67182	78089	78120	
t10	1	3	5	10	2986	4713	4733	6424	6453	17839	18395	26931	27574	35819	63296	64865	64884	64998	67195	78102	78167	
logpost	666593
N	229
n	21
t01	0	2	4	7	2976	4702	4716	6409	6452	17827	18384	26920	27561	35808	63285	64858	64876	64983	67182	78089	78130	
t10	1	3	5	10	2986	4713	4736	6422	6457	17840	18395	26931	27574	35820	63296	64865	64884	64998	67195	78103	78167	
logpost	666598
N	193
n	21
t01	0	2	4	7	2976	4701	4717	6407	6452	17828	18383	26920	27562	35809	63285	64857	64876	64983	67182	78090	78158	
t10	1	3	5	10	2986	4714	4728	6422	6456	17839	18396	26931	27575	35819	63295	64865	64884	65000	67195	78102	78167	
logpost	666588
N	182
n	21
t01	0	2	4	7	2976	4701	4720	6407	6452	17828	18384	26918	27562	35809	63286	64858	64876	64983	67182	78090	78166	
t10	1	3	5	11	2986	4714	4728	6423	6455	17839	18395	26931	27575	35820	63297	64865	64884	64997	67195	78103	78167	
logpost	666595
N	201
n	21
t01	0	2	4	7	2975	4701	4717	6407	6452	17827	18382	26920	27562	35809	63284	64858	64876	64983	67182	78091	78161	
t10	1	3	5	10	2987	4714	4732	6423	6458	17840	18395	26930	27574	35820	63297	64866	64884	64998	67195	78103	78167	
logpost	666596
N	130
n	19
t01	0	2975	4704	6424	6452	17828	27098	27564	35811	63287	64861	64870	64881	64984	64988	64990	64993	67185	78157	
t10	1	2986	4714	6450	6453	17841	27099	27571	35819	63294	64862	64880	64889	64986	64989	64992	64994	67196	78167	
logpost	327934
N	138
n	18
t01	0	2976	4704	6424	6452	17830	27564	35811	63287	64861	64865	64881	64980	64988	64990	64993	67184	78166	
t10	1	2986	4714	6450	6453	17841	27576	35819	63295	64862	64880	64895	64986	64989	64992	64994	67195	78167	
logpost	327940
N	102
n	17
t01	0	2977	4701	6424	6452	17830	27564	35809	63287	64861	64876	64881	64985	64988	64990	64993	78165	
t10	1	2987	4714	6448	6453	17838	27571	35819	63296	64862	64880	64889	64986	64989	64992	64994	78167	
logpost	327949
N	127
n	17
t01	0	2978	4704	6424	6452	17830	27561	35809	63287	64861	64865	64881	64982	64988	64990	64993	78144	
t10	1	2984	4715	6450	6453	17838	27571	35819	63294	64862	64880	64882	64986	64989	64992	64994	78167	
logpost	327949
N	111
n	17
t01	0	2979	4704	6423	6452	17828	27563	35809	63287	64861	64874	64881	64981	64988	64990	64993	78155	
t10	1	2984	4714	6450	6453	17841	27570	35819	63295	64862	64880	64883	64986	64989	64992	64994	78167	
logpost	327944
N	124
n	17
t01	0	2977	4704	6424	6452	17830	27564	35811	63287	64861	64865	64881	64985	64988	64990	64993	78165	
t10	1	2987	4714	6450	6453	17838	27571	35819	63294	64862	64880	64905	64986	64989	64992	64994	78167	
logpost	327953
N	109
n	17
t01	0	2980	4702	6423	6452	17830	27564	35813	63287	64861	64877	64881	64982	64988	64990	64993	78143	
t10	1	2984	4712	6450	6453	17838	27571	35819	63294	64862	64880	64884	64986	64989	64992	64994	78167	
logpost	327945
N	130
n	17
t01	0	2977	4704	6424	6452	17830	27564	35809	63287	64861	64863	64881	64982	64988	64990	64993	78166	
t10	1	2987	4714	6448	6453	17838	27572	35819	63294	64862	64880	64906	64986	64989	64992	64994	78167	
logpost	327947
N	98
n	17
t01	0	2978	4704	6424	6452	17827	27563	35810	63287	64861	64879	64881	64980	64988	64990	64993	78166	
t10	1	2986	4712	6450	6453	17839	27571	35819	63293	64862	64880	64888	64986	64989	64992	64994	78167	
logpost	327948
N	103
n	17
t01	0	2976	4704	6423	6452	17830	27564	35809	63287	64861	64876	64881	64983	64988	64990	64993	78166	
t10	1	2986	4712	6450	6453	17841	27571	35818	63292	64862	64880	64893	64986	64989	64992	64994	78167	
logpost	327948
N	149
n	17
t01	0	2977	4704	6424	6452	17830	27563	35808	63287	64861	64871	64881	64985	64988	64990	64993	78133	
t10	1	2986	4714	6450	6453	17838	27571	35819	63294	64862	64880	64901	64986	64989	64992	64994	78167	
logpost	327947
N	125
n	17
t01	0	2977	4704	6424	6452	17830	27564	35813	63287	64861	64864	64881	64979	64988	64990	64993	78151	
t10	1	2984	4714	6449	6453	17839	27571	35818	63294	64862	64880	64891	64986	64989	64992	64994	78167	
logpost	327943
N	120
n	17
t01	0	2976	4704	6418	6452	17827	27564	35809	63287	64861	64866	64881	64982	64988	64990	64993	78161	
t10	1	2986	4715	6448	6453	17838	27571	35819	63293	64862	64880	64886	64986	64989	64992	64994	78167	
logpost	327943
N	115
n	18
t01	0	2978	4702	6424	6452	17829	23938	27564	35806	63287	64861	64878	64881	64979	64988	64990	64993	78165	
t10	1	2986	4716	6450	6453	17841	23939	27571	35819	63297	64862	64880	64888	64986	64989	64992	64994	78167	
logpost	327940
N	94
n	17
t01	0	2978	4704	6424	6452	17830	27564	35809	63287	64861	64874	64881	64983	64988	64990	64993	78166	
t10	1	2986	4714	6450	6453	17838	27571	35819	63295	64862	64880	64882	64986	64989	64992	64994	78167	
logpost	327956
N	116
n	17
t01	0	2977	4704	6423	6452	17828	27564	35809	63287	64861	64873	64881	64984	64988	64990	64993	78154	
t10	1	2983	4714	6450	6453	17839	27571	35819	63298	64862	64880	64887	64986	64989	64992	64994	78167	
logpost	327947
N	102
n	17
t01	0	2976	4704	6425	6452	17830	27564	35809	63289	64861	64871	64881	64985	64988	64990	64993	78162	
t10	1	2987	4714	6449	6453	17840	27571	35819	63296	64862	64880	64883	64986	64989	64992	64994	78167	
logpost	327942
N	125
n	17
t01	0	2976	4704	6421	6452	17830	27564	35809	63286	64861	64865	64881	64984	64988	64990	64993	78156	
t10	1	2987	4714	6450	6453	17841	27571	35819	63294	64862	64880	64886	64986	64989	64992	64994	78167	
logpost	327947
N	98
n	17
t01	0	2978	4704	6426	6452	17830	27566	35809	63287	64861	64879	64881	64971	64988	64990	64993	78165	
t10	1	2986	4714	6448	6453	17841	27571	35819	63294	64862	64880	64882	64986	64989	64992	64994	78167	
logpost	327946
N	105
n	17
t01	0	2977	4704	6424	6452	17830	27566	35808	63287	64861	64875	64881	64981	64988	64990	64993	78158	
t10	1	2987	4715	6450	6453	17838	27571	35818	63292	64862	64880	64886	64986	64989	64992	64994	78167	
logpost	327941
N	101
n	17
t01	0	2977	4704	6424	6452	17830	27564	35812	63287	64861	64876	64881	64982	64988	64990	64993	78156	
t10	1	2984	4714	6450	6453	17839	27570	35819	63295	64862	64880	64884	64986	64989	64992	64994	78167	
logpost	327949
N	123
n	17
t01	0	2979	4704	6427	6452	17830	27564	35809	63287	64861	64874	64881	64960	64988	64990	64993	78166	
t10	1	2986	4714	6450	6453	17841	27571	35818	63294	64862	64880	64891	64986	64989	64992	64994	78167	
logpost	327942
N	105
n	17
t01	0	2978	4704	6424	6452	17827	27561	35809	63287	64861	64871	64881	64985	64988	64990	64993	78166	
t10	1	2984	4713	6450	6453	17841	27571	35819	63295	64862	64880	64886	64986	64989	64992	64994	78167	
logpost	327949
N	124
n	17
t01	0	2978	4704	6424	6452	17828	27565	35813	63287	64861	64873	64881	64985	64988	64990	64993	78155	
t10	1	2987	4712	6450	6453	17839	27575	35819	63295	64862	64880	64901	64986	64989	64992	64994	78167	
logpost	327941
N	109
n	17
t01	0	2978	4702	6422	6452	17830	27563	35812	63287	64861	64877	64881	64984	64988	64990	64993	78155	
t10	1	2987	4716	6450	6453	17839	27571	35819	63297	64862	64880	64882	64986	64989	64992	64994	78167	
logpost	327946
N	109
n	17
t01	0	2976	4702	6424	6452	17830	27561	35812	63287	64861	64867	64881	64985	64988	64990	64993	78166	
t10	1	2985	4714	6450	6453	17838	27574	35819	63295	64862	64880	64886	64986	64989	64992	64994	78167	
logpost	327948
N	109
n	17
t01	0	2976	4704	6424	6452	17830	27564	35811	63287	64861	64879	64881	64984	64988	64990	64993	78158	
t10	1	2986	4714	6450	6453	17841	27571	35821	63295	64862	64880	64890	64986	64989	64992	64994	78167	
logpost	327949
N	104
n	17
t01	0	2976	4704	6424	6452	17828	27563	35812	63287	64861	64870	64881	64985	64988	64990	64993	78166	
t10	1	2984	4715	6449	6453	17838	27573	35819	63294	64862	64880	64889	64986	64989	64992	64994	78167	
logpost	327945
N	108
n	17
t01	0	2978	4704	6424	6452	17830	27564	35813	63287	64861	64868	64881	64984	64988	64990	64993	78156	
t10	1	2984	4714	6450	6453	17838	27571	35819	63293	64862	64880	64889	64986	64989	64992	64994	78167	
logpost	327949
N	108
n	17
t01	0	2978	4704	6424	6452	17828	27564	35809	63287	64861	64870	64881	64985	64988	64990	64993	78164	
t10	1	2984	4714	6450	6453	17841	27571	35819	63294	64862	64880	64890	64986	64989	64992	64994	78167	
logpost	327952
N	93
n	18
t01	0	2977	4704	6424	6452	17830	27564	35809	50941	63287	64861	64879	64881	64983	64988	64990	64993	78165	
t10	1	2986	4712	6450	6453	17839	27571	35819	50942	63296	64862	64880	64883	64986	64989	64992	64994	78167	
logpost	327950
N	107
n	18
t01	0	2977	4704	6424	6452	17827	27564	35809	50941	63287	64861	64878	64881	64985	64988	64990	64993	78166	
t10	1	2984	4714	6450	6453	17841	27575	35819	50942	63298	64862	64880	64888	64986	64989	64992	64994	78167	
logpost	327945
N	116
n	17
t01	0	2978	4704	6424	6452	17827	27564	35810	63287	64861	64868	64881	64984	64988	64990	64993	78166	
t10	1	2986	4714	6450	6453	17839	27573	35819	63296	64862	64880	64893	64986	64989	64992	64994	78167	
logpost	327947
N	90
n	17
t01	0	2978	4703	6424	6452	17830	27564	35811	63287	64861	64876	64881	64984	64988	64990	64993	78166	
t10	1	2986	4713	6450	6453	17837	27571	35817	63298	64862	64880	64883	64986	64989	64992	64994	78167	
logpost	327943
N	154
n	17
t01	0	2976	4704	6424	6452	17830	27564	35809	63287	64861	64863	64881	64978	64988	64990	64993	78159	
t10	1	2986	4714	6450	6453	17841	27571	35818	63295	64862	64880	64915	64986	64989	64992	64994	78167	
logpost	327946
N	98
n	17
t01	0	2978	4704	6424	6452	17828	27564	35811	63287	64861	64872	64881	64984	64988	64990	64993	78166	
t10	1	2986	4714	6450	6453	17839	27574	35819	63294	64862	64880	64882	64986	64989	64992	64994	78167	
logpost	327952
N	120
n	17
t01	0	2977	4704	6424	6452	17830	27564	35809	63289	64861	64865	64881	64982	64988	64990	64993	78160	
t10	1	2985	4713	6448	6453	17839	27570	35819	63294	64862	64880	64898	64986	64989	64992	64994	78167	
logpost	327941
N	132
n	17
t01	0	2977	4703	6420	6452	17827	27562	35810	63287	64861	64878	64881	64985	64988	64990	64993	78142	
t10	1	2986	4714	6450	6453	17840	27574	35819	63297	64862	64880	64885	64986	64989	64992	64994	78167	
logpost	327937
N	129
n	17
t01	0	2978	4702	6423	6452	17830	27564	35809	63287	64861	64869	64881	64984	64988	64990	64993	78166	
t10	1	2986	4715	6448	6453	17839	27571	35820	63294	64862	64880	64910	64986	64989	64992	64994	78167	
logpost	327947
N	122
n	17
t01	0	2977	4702	6419	6452	17828	27563	35809	63287	64861	64876	64881	64982	64988	64990	64993	78153	
t10	1	2987	4715	6450	6453	17840	27571	35819	63296	64862	64880	64882	64986	64989	64992	64994	78167	
logpost	327944
N	155
n	16
t01	0	2	5	2976	4702	6413	6434	17827	27561	35809	63286	64857	64878	64983	78089	78160	
t10	1	3	9	2986	4714	6424	6452	17840	27575	35820	63296	64865	64884	64998	78104	78167	
logpost	579804
N	151
n	16
t01	0	2	5	2976	4701	6408	6431	17828	27561	35809	63286	64859	64877	64984	78091	78166	
t10	1	3	9	2986	4715	6423	6452	17839	27575	35819	63296	64865	64884	64998	78104	78167	
logpost	579804
N	168
n	16
t01	0	2	5	2976	4701	6408	6434	17828	27562	35809	63284	64858	64877	64981	78090	78154	
t10	1	3	8	2986	4714	6424	6452	17840	27574	35820	63297	64866	64884	64999	78103	78167	
logpost	579805
N	156
n	16
t01	0	2	5	2976	4702	6408	6434	17827	27562	35808	63286	64858	64877	64984	78091	78157	
t10	1	3	9	2986	4715	6424	6452	17841	27574	35819	63295	64864	64885	64996	78103	78167	
logpost	579803
N	145
n	16
t01	0	2	5	2975	4702	6409	6435	17829	27561	35809	63286	64858	64878	64983	78089	78166	
t10	1	3	8	2986	4714	6423	6452	17839	27575	35820	63296	64865	64884	64998	78102	78167	
logpost	579806
N	158
n	16
t01	0	2	5	2976	4702	6407	6436	17828	27561	35809	63286	64857	64876	64982	78091	78161	
t10	1	3	8	2985	4715	6424	6452	17840	27575	35820	63296	64866	64885	64998	78103	78167	
logpost	579806
N	157
n	16
t01	0	2	5	2976	4702	6410	6440	17828	27561	35809	63284	64856	64877	64981	78090	78159	
t10	1	3	9	2986	4715	6424	6452	17840	27574	35819	63297	64866	64884	64998	78103	78167	
logpost	579803
N	151
n	16
t01	0	2	5	2976	4700	6411	6435	17828	27563	35808	63287	64858	64877	64983	78089	78165	
t10	1	3	9	2986	4715	6424	6452	17839	27576	35820	63296	64864	64884	64999	78104	78167	
logpost	579801
N	156
n	16
t01	0	2	5	2975	4702	6409	6437	17828	27560	35809	63286	64858	64878	64983	78091	78155	
t10	1	3	9	2986	4715	6424	6452	17839	27576	35819	63297	64865	64883	64997	78102	78167	
logpost	579803
N	148
n	16
t01	0	2	5	2975	4702	6411	6436	17827	27561	35808	63286	64857	64877	64983	78090	78166	
t10	1	3	9	2987	4715	6424	6452	17840	27574	35819	63295	64865	64884	64999	78101	78167	
logpost	579804
N	151
n	16
t01	0	2	5	2975	4701	6409	6436	17827	27561	35809	63287	64859	64876	64983	78090	78162	
t10	1	3	9	2986	4715	6423	6452	17840	27574	35820	63296	64864	64884	64998	78102	78167	
logpost	579806
N	152
n	16
t01	0	2	5	2975	4702	6407	6439	17828	27561	35809	63284	64858	64878	64982	78090	78163	
t10	1	3	10	2986	4715	6423	6452	17839	27574	35820	63297	64865	64884	64997	78103	78167	
logpost	579804
N	144
n	16
t01	0	2	5	2976	4701	6408	6435	17828	27562	35808	63286	64859	64878	64984	78090	78164	
t10	1	3	9	2985	4715	6424	6452	17839	27574	35819	63297	64864	64883	64997	78102	78167	
logpost	579806
N	140
n	16
t01	0	2	5	2975	4702	6411	6441	17827	27562	35808	63286	64858	64876	64983	78092	78164	
t10	1	3	9	2986	4714	6424	6452	17839	27574	35820	63296	64864	64884	64997	78103	78167	
logpost	579807
N	164
n	16
t01	0	2	5	2976	4701	6408	6436	17826	27562	35808	63285	64859	64877	64982	78089	78154	
t10	1	3	9	2986	4714	6424	6452	17840	27574	35820	63296	64864	64884	64999	78102	78167	
logpost	579804
N	198
n	16
t01	0	2	5	2977	4701	6406	6435	17828	27562	35809	63285	64858	64877	64982	78091	78115	
t10	1	3	8	2986	4714	6424	6452	17838	27573	35820	63297	64864	64884	64998	78103	78167	
logpost	579803
N	174
n	16
t01	0	2	5	2974	4702	6413	6433	17828	27561	35809	63286	64858	64877	64982	78091	78143	
t10	1	3	8	2986	4715	6424	6452	17840	27574	35820	63296	64868	64884	64998	78103	78167	
logpost	579797
N	164
n	16
t01	0	2	5	2975	4702	6411	6435	17828	27562	35809	63285	64857	64877	64982	78091	78150	
t10	1	3	8	2986	4715	6424	6452	17839	27574	35819	63297	64866	64885	64998	78102	78167	
logpost	579806
N	172
n	16
t01	0	2	5	2975	4701	6410	6440	17828	27562	35809	63285	64858	64876	64984	78090	78134	
t10	1	3	9	2985	4715	6424	6452	17839	27574	35819	63296	64864	64884	64999	78101	78167	
logpost	579801
N	190
n	16
t01	0	2	5	2975	4701	6409	6439	17828	27562	35809	63287	64858	64877	64983	78090	78121	
t10	1	3	9	2986	4715	6423	6452	17840	27574	35820	63297	64866	64883	64997	78104	78167	
logpost	579802
N	158
n	16
t01	0	2	5	2976	4701	6409	6435	17828	27561	35809	63285	64858	64876	64982	78088	78163	
t10	1	3	9	2986	4714	6425	6452	17840	27574	35819	63297	64865	64884	64999	78102	78167	
logpost	579803
N	179
n	16
t01	0	2	5	2976	4701	6408	6436	17828	27563	35808	63286	64857	64877	64982	78089	78133	
t10	1	3	8	2986	4715	6424	6452	17839	27573	35820	63295	64864	64884	64997	78103	78167	
logpost	579804
N	155
n	16
t01	0	2	5	2976	4700	6407	6433	17827	27562	35810	63286	64857	64877	64983	78091	78165	
t10	1	3	8	2986	4715	6424	6452	17840	27574	35819	63296	64865	64885	64999	78103	78167	
logpost	579803
N	145
n	16
t01	0	2	5	2975	4701	6411	6439	17829	27562	35809	63287	64857	64877	64983	78091	78163	
t10	1	3	8	2987	4715	6424	6452	17840	27574	35820	63295	64865	64884	65000	78102	78167	
logpost	579799
N	186
n	16
t01	0	2	5	2976	4702	6405	6436	17827	27562	35810	63285	64857	64877	64982	78090	78133	
t10	1	3	9	2986	4715	6424	6452	17840	27575	35820	63296	64865	64884	64997	78102	78167	
logpost	579803
N	168
n	16
t01	0	2	5	2976	4702	6412	6434	17828	27564	35808	63287	64858	64878	64980	78089	78145	
t10	1	3	8	2986	4715	6424	6452	17840	27574	35820	63296	64864	64884	65000	78103	78167	
logpost	579795
N	134
n	16
t01	0	2	5	2979	4701	6408	6452	17828	27561	35809	63285	64858	64876	64982	78091	78166	
t10	1	3	8	2985	4714	6423	6457	17840	27576	35819	63297	64864	64885	64997	78102	78167	
logpost	579786
N	155
n	16
t01	0	2	5	2975	4701	6407	6452	17828	27562	35807	63286	64859	64876	64983	78091	78144	
t10	1	3	9	2986	4715	6422	6456	17839	27572	35820	63297	64863	64884	64999	78101	78167	
logpost	579794
N	137
n	16
t01	0	2	5	2975	4701	6408	6452	17827	27562	35809	63286	64858	64877	64983	78091	78165	
t10	1	3	9	2987	4715	6423	6455	17839	27574	35820	63297	64865	64884	64996	78104	78167	
logpost	579803
N	139
n	16
t01	0	2	5	2976	4702	6408	6452	17827	27561	35809	63286	64859	64877	64983	78091	78160	
t10	1	3	8	2986	4715	6423	6459	17839	27574	35819	63295	64864	64884	64999	78102	78167	
logpost	579804
N	135
n	16
t01	0	2	5	2976	4702	6408	6452	17828	27561	35810	63285	64859	64876	64981	78091	78156	
t10	1	3	8	2985	4714	6423	6454	17839	27574	35819	63297	64863	64884	64997	78100	78167	
logpost	579796
N	142
n	16
t01	0	2	5	2975	4700	6407	6452	17827	27563	35809	63285	64857	64876	64981	78090	78162	
t10	1	3	9	2986	4715	6422	6453	17839	27573	35820	63297	64864	64884	65000	78101	78167	
logpost	579793
N	137
n	16
t01	0	2	5	2977	4702	6407	6452	17827	27563	35810	63286	64858	64876	64984	78090	78163	
t10	1	3	8	2985	4715	6423	6458	17839	27574	35820	63297	64865	64884	64999	78102	78167	
logpost	579798
N	150
n	16
t01	0	2	5	2976	4701	6410	6435	17828	27561	35809	63286	64858	64876	64982	78091	78166	
t10	1	3	9	2986	4715	6424	6452	17839	27575	35820	63297	64864	64884	64999	78102	78167	
logpost	579810
N	190
n	16
t01	0	2	5	2976	4700	6407	6439	17828	27563	35809	63287	64857	64878	64983	78090	78118	
t10	1	3	8	2987	4715	6423	6452	17839	27574	35819	63296	64866	64883	64997	78103	78167	
logpost	579799
N	164
n	16
t01	0	2	5	2976	4702	6406	6441	17827	27562	35809	63286	64857	64876	64982	78090	78147	
t10	1	3	8	2986	4714	6422	6452	17839	27574	35819	63297	64866	64884	64997	78104	78167	
logpost	579802
N	186
n	16
t01	0	2	5	2976	4703	6407	6437	17828	27561	35810	63287	64859	64876	64983	78091	78123	
t10	1	3	9	2986	4714	6423	6452	17839	27576	35820	63296	64864	64883	64999	78103	78167	
logpost	579797
N	194
n	16
t01	0	2	5	2975	4702	6407	6435	17827	27562	35808	63286	64858	64876	64983	78089	78124	
t10	1	3	9	2987	4715	6424	6452	17840	27573	35820	63296	64864	64884	64997	78102	78167	
logpost	579805
N	194
n	16
t01	0	2	5	2976	4701	6407	6437	17828	27562	35808	63286	64859	64879	64983	78091	78119	
t10	1	3	9	2986	4715	6423	6452	17839	27575	35821	63296	64866	64883	64998	78104	78167	
logpost	579798
N	185
n	16
t01	0	2	5	2976	4701	6408	6435	17828	27561	35809	63285	64859	64876	64982	78091	78132	
t10	1	3	9	2986	4715	6423	6452	17839	27574	35820	63296	64865	64884	64999	78103	78167	
logpost	579807
